9
19
20
23
27
29
30
33
38
47
48
54
55
56
57
62
63
71
76
79
80
81
86
88
90
95
100
104
108
109
110
114
116
121
130
136
137
139
140
141
142
148
157
158
159
161
162
166
167
169
170
174
180
184
186
193
196
197
198
207
215
221
252
263
265
266
270
271
277
283
284
286
289
291
292
293
302
303
304
314
315
320
340
346
347
352
355
369
370
377
384
385
386
387
390
391
392
393
394
396
398
400
411
412
414
415
423
424
425
426
427
428
430
433
438
443
444
445
446
448
456
468
469
472
473
475
476
480
486
502
505
520
521
523
524
525
528
530
543
544
550
564
568
569
570
571
572
573
574
575
577
578
579
580
585
604
610
611
614
618
620
622
627
633
638
653
655
659
661
662
663
664
666
669
671
684
687
690
694
696
700
707
716
717
720
722
730
732
736
741
742
749
751
755
757
760
765
767
771
778
780
786
788
800
806
811
820
821
823
825
826
828
831
838
842
845
847
855
856
857
858
859
860
861
862
875
876
878
887
888
889
890
891
897
903
904
908
909
917
923
926
931
933
937
942
944
945
950
951
952
958
965
971
994
1003
1017
1026
1027
1032
1035
1036
1038
1043
1044
1066
1076
1077
1080
1083
1085
1088
1089
1092
1095
1098
1099
1101
1109
1110
1111
1114
1122
1127
1129
1146
1152
1158
1159
1163
1164
1166
1187
1189
1190
1192
1198
1206
1207
1212
1214
1215
1216
1218
1230
1240
1241
1255
1259
1261
1263
1264
1268
1270
1272
1277
1287
1292
1293
1296
1297
1299
1305
1308
1316
1324
1337
1339
1344
1345
1352
1355
1357
1358
1359
1360
1361
1362
1363
1364
1367
1368
1369
1370
1374
1380
1384
1386
1387
1388
1389
1390
1393
1403
1404
1408
1409
1413
1423
1424
1425
1426
1432
1439
1446
1447
1448
1449
1450
1451
1466