1
2
4
7
8
14
44
51
52
73
75
77
78
84
85
92
93
94
96
98
106
111
112
113
119
124
125
126
128
133
134
139
143
149
150
151
160
175
195
202
203
204
205
218
223
230
232
234
235
236
238
239
240
241
242
243
244
245
246
249
250
251
267
272
273
274
275
276
280
287
289
305
306
308
309
310
311
312
313
316
321
322
326
330
333
342
349
353
354
356
357
359
378
379
389
397
399
404
406
408
410
417
418
419
421
426
427
428
429
432
445
446
447
450
470
481
482
491
503
505
510
511
512
515
516
517
518
531
532
533
534
535
536
545
547
551
552
553
554
556
557
558
559
560
561
562
581
583
585
586
587
589
590
591
592
593
594
595
596
597
598
599
600
604
605
607
608
609
612
619
621
623
624
625
628
630
631
632
634
636
637
640
641
647
648
649
650
651
660
665
667
670
672
676
677
679
681
692
695
697
698
699
701
702
703
708
709
710
712
715
716
717
718
719
720
725
726
727
728
730
731
733
734
735
737
738
739
745
747
753
756
760
761
762
763
766
769
773
774
779
781
782
783
784
785
786
787
789
790
791
795
796
797
798
799
803
804
807
810
813
814
816
817
818
819
820
822
823
830
832
835
836
839
840
841
843
844
846
850
851
863
864
865
866
869
871
875
876
877
878
882
883
893
894
897
899
900
901
902
906
907
909
910
917
921
922
924
931
935
943
946
947
948
954
955
956
957
960
962
963
966
968
969
971
972
974
975
976
977
978
979
980
981
985
989
991
992
993
1001
1018
1026
1028
1060
1061
1075
1117
1118
1124
1138
1139
1140
1160
1169
1181
1183
1184
1186
1191
1197
1201
1209
1222
1242
1243
1247
1250
1254
1255
1275
1276
1278
1279
1280
1282
1283
1284
1290
1294
1300
1304
1307
1316
1331
1346
1356
1374
1376
1377
1394
1396
1399
1400
1401
1407
1411
1414
1457
1465
1467