26
43
101
105
107
114
120
129
135
168
188
198
199
201
229
279
285
348
363
467
487
488
537
616
714
740
748
793
802
852
867
874
913
995
1006
1007
1008
1014
1015
1019
1020
1021
1030
1033
1045
1058
1059
1067
1068
1072
1074
1079
1086
1087
1097
1106
1119
1120
1121
1130
1135
1136
1141
1151
1154
1155
1156
1157
1162
1196
1200
1219
1225
1245
1246
1258
1266
1267
1273
1281
1288
1298
1302
1303
1307
1309
1310
1315
1319
1322
1323
1332
1334
1335
1338
1353
1354
1375
1378
1386
1387
1388
1389
1390
1391
1402
1410
1412
1458
1459
1460