3
5
6
12
17
21
23
27
29
37
39
41
46
71
90
97
100
116
117
121
136
140
141
144
159
165
169
177
185
187
206
207
222
231
250
262
263
264
269
270
280
282
283
289
293
297
307
314
315
317
341
347
364
366
401
404
411
412
422
427
444
472
476
477
489
494
495
496
497
498
499
501
502
506
507
538
542
543
550
585
604
606
613
615
617
618
626
627
643
644
645
652
656
657
661
662
663
664
683
685
686
688
690
694
696
706
713
724
730
731
744
754
755
759
767
770
788
794
801
805
824
828
834
837
848
849
859
879
880
903
904
909
918
926
931
936
970
971
974
984
987
1004
1035
1048
1056
1065
1076
1081
1083
1084
1090
1091
1094
1102
1103
1107
1109
1110
1111
1112
1128
1145
1146
1147
1150
1159
1171
1172
1173
1174
1175
1176
1177
1180
1185
1198
1202
1205
1220
1221
1223
1226
1227
1228
1231
1240
1248
1251
1252
1253
1260
1268
1269
1287
1295
1305
1313
1326
1340
1341
1342
1343
1344
1348
1355
1371
1372
1380
1384
1406
1416
1420
1421
1429
1435
1438
1439
1440
1443
1444
1448
1450
1451
1461