16
17
21
24
25
31
35
37
42
50
58
59
74
86
87
99
117
122
132
163
164
166
171
172
176
177
182
187
191
192
208
209
210
212
213
214
216
217
219
220
259
260
278
307
314
315
317
331
343
360
364
381
383
405
436
437
439
440
441
452
466
472
489
499
506
541
563
565
602
615
642
656
658
682
685
696
724
792
801
834
870
886
914
915
918
919
930
932
934
936
938
988
1009
1010
1011
1012
1013
1023
1041
1042
1053
1054
1055
1056
1063
1070
1071
1091
1092
1102
1149
1166
1189
1208
1210
1211
1237
1244
1252
1253
1261
1298
1327
1336
1372
1380
1417
1418
1442
1455
1464