11
13
15
21
22
24
29
32
34
35
36
39
40
41
43
50
53
58
59
60
61
64
82
83
87
91
102
103
118
122
123
127
132
138
145
146
147
152
154
155
163
164
166
171
172
173
176
177
178
181
182
187
189
191
192
194
200
210
213
224
225
226
229
231
233
237
247
248
253
254
255
256
257
258
259
260
261
262
266
268
270
274
278
281
282
288
294
295
296
297
300
301
319
323
324
325
327
328
329
331
336
337
338
339
343
344
345
347
350
351
358
360
367
368
371
372
373
374
375
380
381
382
383
386
388
390
395
401
402
403
405
407
413
416
420
422
423
431
433
434
435
441
449
451
452
453
457
458
459
460
461
462
463
464
465
466
474
478
479
483
484
485
487
488
490
492
494
495
496
497
498
499
500
501
504
506
507
513
514
519
522
529
538
540
541
549
555
563
565
566
567
576
582
603
606
615
617
635
639
644
645
654
656
658
664
668
673
678
682
686
691
704
705
706
711
721
724
729
743
746
758
759
764
767
768
770
772
775
776
777
792
805
809
812
815
824
829
833
854
872
873
881
884
885
886
896
905
911
914
915
919
926
927
928
929
930
934
938
940
949
961
965
982
986
988
996
998
999
1000
1005
1009
1010
1011
1012
1013
1014
1023
1024
1029
1033
1034
1041
1042
1045
1046
1048
1062
1063
1064
1065
1069
1070
1072
1073
1078
1091
1093
1094
1096
1097
1104
1105
1108
1112
1113
1114
1115
1116
1120
1121
1125
1126
1128
1131
1149
1161
1162
1165
1166
1167
1168
1170
1171
1172
1173
1174
1175
1176
1177
1178
1179
1180
1182
1188
1198
1199
1203
1204
1205
1208
1210
1226
1237
1238
1239
1244
1249
1251
1254
1256
1262
1265
1267
1269
1271
1273
1291
1298
1302
1303
1306
1307
1311
1314
1315
1317
1318
1319
1321
1325
1326
1327
1328
1329
1330
1332
1337
1340
1341
1343
1347
1350
1352
1353
1355
1366
1371
1375
1381
1382
1383
1393
1395
1415
1416
1417
1418
1419
1421
1427
1428
1429
1433
1434
1452
1453
1455
1464